A	16	5	6	0	9846	65535	26230	32631	0	77	5	41	8	5	128	42.4822	52.3427	86.1063	55.1147	80.4178	42.1481	
B	16	5	4	0	26487	65527	32	140	5	53	66	42.3826	85.8634	174.517	64.0639	
C	16	5	4	0	9075	30583	0	80	16	31	167	42.4888	49.082	55.6381	44.741	
D	16	5	4	0	9015	30583	546	57	5	37	103	25.3229	47.0191	113.509	38.7056	
E	16	5	3	0	562	0	78	15	231	40.3073	47.6146	41.6898	
F	16	5	7	0	25120	26214	16928	26487	8754	0	169	17	52	14	6	5	91	41.4534	46.6461	49.7673	46.461	51.8247	47.7399	42.3188	
G	16	5	5	0	26214	61303	10102	0	77	9	35	5	78	41.8636	49.3876	61.1423	50.9784	42.2565	
H	16	5	8	0	610	61303	26214	61047	26214	32631	0	78	5	5	21	25	12	5	113	42.9204	48.9654	61.9366	54.6287	58.6492	55.691	60.8415	42.1336	
I	16	5	5	0	818	26231	32759	0	78	5	39	6	169	42.4882	48.7872	51.0552	81.8959	44.8854	
J	16	5	7	0	25122	30583	9074	546	30583	546	50	5	19	6	23	19	80	23.6975	41.9173	89.117	46.4695	37.7765	152.777	37.198	
K	16	5	6	0	65399	26214	65535	26487	0	128	5	20	49	20	75	42.9643	126.475	67.4621	198.625	95.4935	51.0018	
L	16	5	6	0	26210	26487	65527	8738	0	155	8	29	30	5	100	41.5127	48.0751	53.943	75.8978	47.3771	41.7519	
M	16	5	6	0	26231	26146	26231	65399	546	128	5	8	15	62	109	42.2036	63.3015	52.5264	59.2623	88.6284	51.0644	
N	16	5	5	0	9846	32631	9078	0	140	7	50	5	62	42.5083	67.3709	130.473	69.0112	46.1888	
O	16	5	4	0	25092	65527	0	140	5	49	70	42.6598	51.3322	89.5081	44.6114	
KEY1	16	5	8	0	25121	65399	13175	563	0	65527	529	50	5	19	6	5	18	21	78	23.3809	46.3822	105.584	54.5535	42.8417	23.5096	184.786	54.4562	
KEY2	16	5	5	0	631	65535	61039	17920	78	5	55	7	119	42.3613	51.5682	67.6177	53.8467	52.455	
KEY3	16	5	7	0	819	26487	65527	0	51	0	78	5	37	8	70	27	72	41.9092	49.926	53.1583	63.3994	44.6973	47.3807	42.5077	
KEY4	16	5	5	0	10037	32631	887	0	140	6	51	5	62	41.8633	74.098	99.5371	77.0043	45.412	
KEY5	16	5	6	0	30583	25120	26231	65527	0	128	5	8	13	64	109	41.4714	72.8745	55.0551	63.9189	87.9542	51.8046	
