A	4	5	6	0	7	15	13	15	0	77	5	42	6	5	129	41.4776	51.0972	84.0815	51.9983	59.6559	41.418	
B	4	5	4	0	5	15	0	140	5	53	66	41.3693	83.7898	170.523	62.4944	
C	4	5	8	0	1	13	15	13	15	5	0	83	5	7	13	10	8	5	163	41.472	47.4526	52.6488	53.7806	53.6273	56.5625	50.9919	41.8343	
D	4	5	5	0	5	15	5	0	57	5	36	5	99	24.5988	45.772	111.04	65.0714	23.2589	
E	4	5	3	0	7	0	75	9	240	39.3472	61.1844	43.5078	
F	4	5	10	0	1	5	15	13	5	0	5	1	0	171	15	16	20	9	5	16	6	5	91	40.4638	48.3533	48.5889	68.7488	55.0368	49.5295	46.1561	50.5919	46.5838	41.3198	
G	4	5	5	0	13	15	5	0	78	5	38	5	78	40.872	49.5415	54.7654	49.7642	41.2572	
H	4	5	5	0	1	15	9	0	78	5	54	7	120	41.9024	47.8237	60.4753	52.007	46.5216	
I	4	5	7	0	5	13	15	0	1	0	80	5	35	8	73	24	72	41.4789	46.393	51.2625	57.6744	43.8748	45.8511	42.0433	
J	4	5	9	0	5	15	5	1	0	15	5	0	51	5	17	5	5	20	18	5	76	23.1556	50.5347	106.054	56.8433	40.024	24.2415	149.372	48.9948	31.3466	
K	4	5	6	0	15	13	15	5	0	130	5	10	76	5	71	41.9455	90.2094	69.2633	74.8855	72.6102	42.5863	
L	4	5	6	0	5	13	15	5	0	156	5	5	55	5	101	40.5317	48.9695	52.2656	55.476	52.3226	40.7771	
M	4	5	4	0	5	15	0	140	5	73	109	41.2059	52.9983	64.5638	49.8453	
N	4	5	5	0	5	15	5	0	140	6	51	5	62	41.4952	65.7926	84.3869	67.332	45.0976	
O	4	5	3	0	15	0	141	53	70	41.6462	60.9157	43.543	
KEY1	4	5	9	0	5	15	5	1	0	15	5	0	50	5	18	7	5	18	18	5	76	23.3809	46.3822	105.584	70.0969	42.8417	23.5096	184.786	58.5657	35.6798	
KEY2	4	5	7	0	3	15	11	8	15	0	78	5	56	5	5	5	110	42.3613	51.5682	67.6177	51.9797	48.7363	69.6882	41.6022	
KEY3	4	5	7	0	5	13	15	0	1	0	78	5	5	40	69	28	72	41.9092	49.926	53.1583	55.2773	44.6973	42.7007	42.5077	
KEY4	4	5	5	0	5	15	5	0	140	6	51	5	62	41.8633	74.098	99.5371	77.0043	45.412	
KEY5	4	5	4	0	5	15	0	140	5	73	109	41.4714	57.3724	72.4802	51.8046	
