A	1	5	3	0	1	0	77	57	130	41.9784	51.6382	44.6931	
B	1	5	3	0	1	0	140	58	66	41.8719	84.7234	63.2554	
C	1	5	3	0	1	0	85	42	167	41.9753	51.0059	44.1829	
D	1	5	3	0	1	0	58	41	103	24.9262	64.5989	38.3959	
E	1	5	3	0	1	0	79	10	235	39.8254	54.0835	45.1458	
F	1	5	5	0	1	0	1	0	188	44	20	6	96	40.9593	50.2532	49.2973	51.1917	47.1311	
G	1	5	3	0	1	0	78	44	82	41.3683	50.1234	42.5988	
H	1	5	3	0	1	0	79	60	125	42.4094	71.0825	49.5154	
I	1	5	3	0	1	0	83	45	169	41.9842	50.4333	44.3952	
J	1	5	5	0	1	0	1	0	51	23	29	18	81	23.4517	51.0552	45.8475	150.775	49.4842	
K	1	5	3	0	1	0	132	90	75	42.4533	59.8945	50.3479	
L	1	5	3	0	1	0	157	65	105	41.0265	51.3504	46.7906	
M	1	5	3	0	1	0	141	77	109	41.7068	58.5273	50.4338	
N	1	5	3	0	1	0	141	57	66	41.9985	70.5707	53.1751	
O	1	5	3	0	1	0	141	53	70	42.1531	61.6115	44.0674	
KEY1	1	5	5	0	1	0	1	0	51	24	28	21	78	23.3809	58.6895	46.6227	184.786	54.4562	
KEY2	1	5	5	0	1	0	1	0	78	62	5	5	114	42.3613	51.5682	49.7948	52.455	43.3152	
KEY3	1	5	3	0	1	0	81	47	169	41.9092	50.855	44.6973	
KEY4	1	5	3	0	1	0	141	57	66	41.8633	79.502	53.4094	
KEY5	1	5	3	0	1	0	141	77	109	41.4714	63.9189	51.8046	
